0 
1 
2 
3 
4 
5 
6 
7 
8 
9 
10 
11 
12 
13 
14 
15 
16 
17 
18 
19 
20 
21 
22 
23 
24 
25 
26 
27 
28 
29 
30 
31 
32 
33 
34 
0 
0 
0 
0 
0 
0 
0 
0 
0 
0 
0 
0 
0 
0 
0 
0 
0 
0 
0 
0 
0 
0 
0 
0 
0 
0 
0 
0 
0 
0 
0 
0 
0 
0 
0 
0.113601 
0.102153 
0.102566 
0.101812 
0.102615 
0.102556 
0.10105 
0.101561 
0.101384 
0.101586 
0.100611 
0.0995607 
0.0973194 
0.0938487 
0.091761 
0.0907524 
0.0899697 
0.0899041 
0.0898014 
0.0895342 
0.0892217 
0.0892642 
0.0892245 
0.0893568 
0.0891187 
0.0890009 
0.0891922 
0.0889024 
0.0890981 
0.0888961 
0.0889065 
0.0889688 
0.0889813 
0.088941 
0.0890641 
0 
0 
0 
0 
0 
0 
0 
0 
0 
0 
0 
0 
0 
0 
0 
0 
0 
0 
0 
0 
0 
0 
0 
0 
0 
0 
0 
0 
0 
0 
0 
0 
0 
0 
0 
0.0881788 
0.0917537 
0.0965712 
0.109879 
0.0719365 
0.108581 
0.102506 
0.0904075 
0.0900643 
0.0961039 
0.0948524 
0.0851103 
0.11137 
0.097847 
0.11144 
0.0914477 
0.0919955 
0.0915494 
0.0975254 
0.100099 
0.0846721 
0.0918237 
0.0974585 
0.0851726 
0.0876878 
0.0968749 
0.0942786 
0.0894393 
0.0917427 
0.0954106 
0.0963039 
0.0973311 
0.0896096 
0.0884491 
0.0913593 
